pruebas:

Pruebas:
-10 elementos
p1:
[(1, 9), (1, 19), (2, 13), (3, 8), (4, 3), (4, 14), (6, 14), (10, 13), (16, 12)]
Capacidad Inicial: 11
[32, 63, 74, 77, 80, 87, 91, 102, 105, 111, 129, 130, 164]
[1, 2, 4, 12, 25, 43, 44, 66, 101, 186, 239, 565, 2361]

[64, 120, 129, 149]
[1, 2, 26, 1349]

[63, 100, 112, 124, 125, 129, 134, 139, 149, 150]
[1, 4, 120, 154, 307, 848, 4685, 5152, 7255, 7699]

[67, 98, 109, 112, 119, 125, 127, 139, 144, 149, 159]
[1, 4, 99, 136, 180, 1032, 1274, 1637, 2576, 4515, 6507]

[54, 64, 73, 88, 101, 102, 105, 115, 139, 154]
[1, 3, 5, 6, 9, 194, 281, 414, 472, 2469]

[22, 36, 49, 82, 112, 144, 160]
[1, 2, 4, 5, 48, 314, 3706]

[75, 87, 91, 95, 102, 107, 122, 139, 154]
[1, 4, 5, 111, 129, 179, 365, 748, 6257]

[73, 76, 88, 99, 107, 115, 127, 137, 139, 140, 144]
[1, 7, 37, 50, 82, 330, 570, 671, 1236, 2934, 8348]

[64, 71, 84, 85, 89, 99, 102, 125, 127, 129, 144, 159]
[1, 10, 11, 14, 25, 76, 110, 143, 1171, 2624, 3288, 7090]

[63, 66, 112, 119, 159]
[1, 6, 12, 249, 911]

[38, 50, 54, 61, 67, 134, 154]
[1, 2, 4, 9, 18, 31, 1807]


p2:

[(1, 10), (10, 9), (10, 13), (11, 10), (11, 12), (12, 6), (12, 11), (18, 17), (19, 18)]
Capacidad Inicial: 45
[77, 113, 124, 152, 159, 162, 165]
[1, 6, 12, 20, 121, 433, 3575]
[98, 118, 124, 141, 143, 163, 174]
[1, 16, 24, 29, 390, 422, 4184]
[132, 145, 167, 169]
[1, 85, 96, 3137]
[91, 100, 138, 145, 152, 163, 169, 178]
[1, 2, 11, 33, 357, 438, 673, 3729]
[40, 49, 115, 150, 158, 163, 167, 170]
[1, 3, 4, 9, 25, 1032, 1656, 3653]
[54, 82, 98, 113, 115, 129, 151, 154, 161, 170]
[1, 2, 10, 13, 22, 34, 47, 76, 158, 225]
[91, 102, 106, 108, 132, 156, 158, 165, 173]
[1, 5, 13, 14, 18, 141, 154, 271, 3654]
[72, 124, 131, 152, 154, 156, 163, 167, 174]
[1, 2, 8, 72, 290, 556, 1988, 2443, 6902]
[36, 78, 80, 82, 91, 115, 123, 147, 154, 178]
[1, 2, 3, 4, 7, 9, 13, 14, 113, 1127]
[41, 51, 66, 69, 73, 102, 131, 141, 149, 150, 151, 156, 162, 167, 169, 172]
[1, 2, 3, 7, 8, 9, 10, 23, 142, 328, 407, 464, 2308, 2376, 4389, 5437]
[75, 115, 149, 150, 156, 161, 165, 167, 176, 178]
[1, 3, 21, 316, 362, 374, 431, 2362, 5622, 8273]




-20 elementos
-30 elementos
-40 elementos
-50 elementos
-60 elementos
-70 elementos
-80 elementos
-90 elementos
-100 elementos

