

p1:
Cualquier Vecino:
0,9
1,28
2,41
3,49
4,49
------ * ------


p2:
Cualquier Vecino:
0,10
1,19
2,32
3,42
4,54
5,54
------ * ------


p3:
Cualquier Vecino:
0,4
1,16
2,44
3,60
4,96
5,102
6,117
7,118
8,136
9,164
10,179
11,179
------ * ------


p4:
Cualquier Vecino:
0,28
1,65
2,99
3,136
4,147
5,163
6,201
7,216
8,216
------ * ------


p5:
Cualquier Vecino:
0,21
1,59
2,112
3,167
4,172
5,230
6,236
7,255
8,270
9,295
10,297
11,323
12,323
------ * ------


p6:
Cualquier Vecino:
0,46
1,100
2,140
3,152
4,174
5,177
6,185
7,196
8,196
------ * ------


p7:
Cualquier Vecino:
0,69
1,120
2,122
3,147
4,172
5,230
6,230
------ * ------


p8:
Cualquier Vecino:
0,31
1,53
2,102
3,148
4,225
5,260
6,297
7,315
8,366
9,389
10,432
11,510
12,514
13,514
------ * ------


p9:
Cualquier Vecino:
0,10
1,101
2,174
3,270
4,326
5,399
6,415
7,452
8,469
9,492
10,515
11,604
12,699
13,724
14,807
15,844
16,934
17,1010
18,1102
19,1182
20,1259
21,1299
22,1299
------ * ------


p1:0
Cualquier Vecino:
0,87
1,172
2,200
3,204
4,281
5,376
6,408
7,494
8,532
9,539
10,571
11,571
------ * ------
